2615
3202
4519
3263
1663
974
4426
353
386
1635
2068
3182
2911
3614
4687
3452
4614
30
1385
3426
1593
4469
1562
2916
764
182
2061
958
567
522
2801
4627
1219
4643
334
2940
4348
1304
3340
437
4568
3640
714
1615
2420
2231
4079
2804
2269
4403
2137
1015
1487
4363
1659
1839
1709
3767
3744
1254
3824
2609
184
369
3416
3885
4497
1782
838
4314
499
1996
1394
2397
643
1383
2242
1498
2723
4598
2858
2082
4513
3520
3215
1693
4485
2186
2371
3402
137
3527
4639
4405
2621
2603
2551
427
1842
4844
1943
4431
3241
1974
574
4253
4151
1074
2050
2540
638
4665
3747
1428
1379
1454
3856
3819
1666
4781
4778
4378
3075
1960
4008
4076
88
131
1224
4636
864
683
984
2821
3617
129
1036
3682
2462
171
243
959
4688
2478
2070
2666
3472
4270
4860
1821
1020
1647
631
4981
3077
4377
3157
710
4608
2951
135
3724
4690
912
3646
719
3379
4233
3060
3890
3232
4812
2348
1167
2364
3329
4422
1841
2207
1982
1484
4312
3922
1153
3709
946
4612
653
956
2354
1321
577
4918
3988
2059
4895
3449
1870
4145
297
2849
2312
2587
3156
4121
2405
1613
4489
3266
3254
216
3122
3649
2656
4492
95
2287
44
1052
3397
4631
2657
3814
2779
4315
1862
1088
4265
2189
1954
1142
4807
4425
1844
4758
488
4768
2640
2362
1579
2935
3283
237
2025
4655
4576
2422
4674
1174
38
3048
2688
4044
435
4840
2800
2970
3785
250
1244
1847
3139
3168
2477
2568
3490
3863
1694
2346
256
2055
1711
3664
79
4940
25
3769
3874
3493
2010
1937
4271
1922
4759
3171
1069
4644
3344
1051
4531
674
996
217
2590
1685
2964
4016
2400
1121
4023
3959
2860
3763
3618
1067
3990
4456
67
925
2365
999
3929
2735
2907
3262
817
4746
4616
2178
9
1546
3652
279
3444
4736
2652
1581
1227
3206
1541
111
1911
3876
4173
2417
3198
2677
4226
1462
875
4995
1751
4058
3810
2193
2608
2895
2245
1465
961
1155
3192
4240
340
3612
1156
3653
1364
1785
4698
4212
2264
3961
2406
4876
1838
1532
1238
543
2930
4386
169
322
2194
2275
4323
4583
2451
1077
4932
1271
4273
967
2661
1504
2011
1986
4862
404
4198
1278
3522
1351
484
4629
4733
4592
3580
125
1648
1978
259
1193
4717
1419
1240
3019
1879
4553
1384
4216
4310
2028
3042
3787
4508
2250
4787
4680
3523
4329
4030
4446
2606
4739
1855
342
3409
359
3875
4481
4881
3366
2444
2547
3176
4046
2279
4898
4095
4400
529
3588
4073
3331
3600
3775
4208
1607
3187
33
1438
4863
2999
1906
1066
2454
2889
1078
4490
215
1286
2185
4667
1005
504
3956
2696
2953
3258
3568
3362
4202
2174
4169
4765
3407
4868
4072
3332
3061
2575
1190
2177
2635
4245
4973
655
214
4512
441
2586
756
1131
1134
4871
4529
2424
1357
1852
4322
1417
4001
3519
4185
4053
1324
1627
1914
4541
654
101
3857
808
2105
1328
1241
389
4528
1209
4523
4467
1551
2124
187
3569
4814
3679
3480
1816
892
2220
1894
1845
2333
2392
4444
3844
867
1951
3160
1550
1748
1923
4886
1503
2202
2073
3399
1427
1512
3188
2567
4120
208
2788
134
3033
1361
2457
4930
1113
391
4190
703
2132
1319
3120
2792
512
4077
13
3572
4493
461
3126
1031
4906
1114
1725
3607
418
3043
2865
858
267
4606
4435
1642
3111
4503
3303
2745
1483
292
1309
3546
1378
1683
194
1574
4013
4699
4168
4057
1539
2811
4075
695
2037
3134
702
3050
3151
3827
3494
3417
1944
3012
611
4882
2721
2924
3137
2034
4858
3467
3486
701
4658
1382
803
3118
3184
489
300
972
741
3130
1536
4859
2736
3500
3323
4460
1050
445
4808
2997
1026
1333
2509
3005
2538
3435
600
4702
2823
1915
4229
1305
1912
2343
1343
3858
3230
2882
4996
2214
1390
272
492
1731
1493
2728
3068
2256
249
4134
935
2854
1524
2619
3388
1863
4436
2767
192
3433
4313
3967
668
3190
3320
3485
1920
2026
3759
4749
425
1353
2847
917
84
1042
1403
2977
4543
158
1564
2164
3926
3439
3599
1673
3711
746
221
3496
495
290
2702
212
1864
347
3252
324
1290
365
3028
3930
1908
554
3906
1675
4318
2172
4025
306
849
2277
321
1668
468
4114
3526
317
1926
1722
1804
4922
796
3289
467
861
1091
598
2403
3251
3766
1791
2468
403
1567
2625
945
1608
3872
2084
3977
2004
774
2409
3080
4677
1655
863
1178
712
4463
1769
767
1
3883
2125
3690
48
4709
755
2089
309
2410
3327
812
4806
733
3008
3412
2300
422
385
1716
2789
3897
4987
1207
2248
1133
523
1226
4484
3705
3454
3695
3594
3530
1480
539
2064
3881
1949
3517
3865
2998
2496
2386
4796
3624
3073
225
2987
4195
4179
1656
1163
3010
3006
3410
4355
2147
1457
4080
480
3672
463
605
3264
126
1623
3502
4917
4125
782
2537
2631
2423
2559
1737
862
4494
1889
29
1765
2799
2894
4133
3802
1314
4448
1218
810
2972
3738
4381
2667
296
3677
94
2176
4845
1927
4521
4298
3148
426
1977
1008
3591
1061
615
3566
1826
3554
4223
3000
2759
4364
