461
238
494
455
273
448
462
283
469
217
454
421
431
12
303
274
282
404
376
389
96
70
480
348
331
444
224
397
425
160
167
80
141
341
178
261
479
380
114
240
446
278
294
350
220
171
243
201
35
364
327
4
57
84
305
478
134
420
206
14
339
432
468
374
188
13
176
251
349
423
3
476
297
365
184
93
269
117
311
465
308
109
489
338
319
191
198
59
156
316
430
392
370
441
395
495
21
408
264
50
498
195
481
215
10
150
200
500
367
97
378
329
129
403
46
19
147
69
377
25
237
62
235
241
165
143
245
291
413
355
137
113
180
65
492
52
75
396
266
58
369
411
426
477
31
149
187
63
428
56
20
270
196
296
212
295
351
61
157
398
204
151
83
342
366
73
145
232
164
68
383
452
496
277
330
155
284
227
72
33
208
484
144
356
183
222
175
126
373
314
104
491
53
317
209
189
118
1
17
210
429
320
422
49
41
267
105
399
40
405
207
192
197
233
90
91
309
77
159
321
95
101
30
443
174
497
8
368
265
252
148
493
256
300
